low <- c(91,46,95,60,33,410,105,43,
         189,1097,54,178,114,137,233,101,25,70,357)
normal <- c(370,267,99,157,75,1281,48,298,268,
            62,804,430,171,694,404)

