list(tildetheta=c(0.5,0.5))
list(High=c(1,0), y = c(126 ,53 ),
     n=c(477 ,734 ), a=c(2.044,2.044), b=c(13.006,13.006))
  Xtinv[,1]  Xtinv[,2]
    0         1
    1        -1
END
