list(y=c(190.4,161.2,194.2,268,195.4,197.8,263,203.2,226,224.2,207,189.6,206.8,195.6,219.4,218.4,189,186.6,171.2,239.4,173.8,244,189.8,182,226.8,204.6,161.2,178,300,298,206.8,237.6,238.8,202.6,231.8,226.6,281.8,159.5,190.2,191.2,156.8,126.8,217.8,173.8,137.2,157.6,252.2,194,230.5,213.5,198.2,187,263,157.8,145.1,209,198.8,239,153,155.8,200,208.5,243.4,178.8,220.9,201.7,176.2,220.8,240.1,206.7,211,208.2,247.8,182.9,230.6,188.8,203.2,194.4,125.6,232.4,207,188.2,185.6,230,237.2,172.8,216,221.8,176.4,170.1,309.8,258,187.4,179.5,193.4,204,370.2,220.8,266,199.8,155.4,241.6,221.4,321.8,196,175,242,188.8,192.4,179,183.8,229.2,196.3,160.1,242.6,183,191.4,204.4,214,188,226.2,170.5,221.6,154.6,203.2,223.4,143,144.6,213.8,218,211.4,170,182.4,142.6,239.4,237.3,200.9,185.9,154.1,308.2,255.6,213.8,182,157,219,208.2,216.1,174.4,157.4,188.4,234.4,217.2,186.6,176.8,231,171.2,277.9,136.2,168.2,216.2,252.6,269.8,235.8,195.1,225.8,228.6,169.5,297.1,220.5,230.4,194.8,332.2,192.2,174,250.2,311.2,256.2,265.6,308.6,187.8,156.6,179.6,171.6,210.6,189.2,172.4,196.8,154.8,226,256.2,206.8,274.4,195.8,235.4,212.4,206.4,177.6,198.8,235.4,192.4,297.6,196,174.2,223,173.6,189.2,387.3,327.9,254.7,238.6,248,227.6,193,217,194,259.4,237,197,286.4,197,280.8,201.2,256,251.4,279.6,181.4,262.2,122.6,176.2,402,183.6,232.8,276.8,218.2,221.8,190.2,129.4,241,197,315.1,160.4,165.6,193.9,182.9,178,225.4,225.5,254,197.6,207.8,237,222.8,359.8,170,191,154,162.4,206.8,333.2,244.4,187.2,158.2,145,180.6,242.2,207,214.2,175,226,312.8,262.8,169.5,162.6,248,277,164.6,297.3,210.6,252.9,150,176.8,150.4,135.6,242.7,191.1,209,184.4,198,234.2,238.7,197.8,170.8,217.7,186,250,185.6,274.2,202,231.4,288.4,166.2,200,305.3,243.4,246,209,248.8,259.4,191.4,200,197.4,165.7,276,229.7,223.8,222.2,178.6,213.6,222,241.2,194,238,203.4,177,194.8,183.6,185.6,212,138.6,186.6,186,162.6,140.2,224.2,249.6,142.4,144,175.4,157,188.7,219,178.2,159.6,189,224.5,271.8,186.2,123.3,205.2,184.8,233.6,226,242.2,254.8,175,159.9,199,193.2,189.8,194.6,139.2,191,205,229.2,198.5,206.3,292,206.7,185.2,170,215,187.6,196.2,198.2,163,188.1,155.4,233.4,208.3,241.1,281.8,220.1,218.4,268.1,169.7,210.8,152.2,183.1,212,140.2,190.2,183.4,179.8,278.3,166.4,308.3,184.8,233.6,236.8,179,192,331,184.6))
