list(A=c(1,2,3,4,5,1,2,3,4,5),
             S=c(1,1,1,1,1,0,0,0,0,0),
             y=c(32,104,206,186,102, 2,12,28,28,31),  		M=c(5.2407,4.3248,2.8612,1.2663,.5317,1.8790,1.0673,.5710,.2585,.1462) )

