list(M = c(42.259, 61.451), y = c(823, 650), Sex = c(0,1))

