# Data for HIV example

data <- list(y = c(64, 309,3122183 ), n= 3122556,
             a = 15, b = 94092,
             a1 = 142, b1 = 2,
             a2 = 1363, b2 = 3)
