# R code with data for proportional hazards regression example in Appendix C
#
data <- list(n=33, k=23, w=0.01,
             y=c(65,156,100,134,16,108,121,4,39,143,56,26,22,1,1,5,65,
                 56,65,17,7,16,22,3,4,2,3,8,4,3,30,4,43),	
             AGgroup=c(1,1,1,1,1,1,1,1,1,1,1,1,1,1,1,1,1,
                       0,0,0,0,0,0,0,0,0,0,0,0,0,0,0,0),
             delta=c(1,1,1,1,1,1,1,1,1,1,1,1,1,1,1,1,1,
                     1,1,1,1,1,1,1,1,1,1,1,1,1,1,1,1),
             d=c(0,1,2,3,4,5,7,8,16,17,22,26,30,39,43,
                 56,65,100,108,121,134,143,156))
