low <- c(91,46,95,60,33,410,105,43,189,1097,54,178,114,137,
       233,101,25,70,357),
normal <- c(370,267,99,157,75,1281,48,298,268,62,804,
          430,171,694,404),
high <- c(75,52,1378,555,331,231,472,263,120,46,650,349,251,
        492,759,96,627,171,1584,69,368,509,486,354,351,
        839,88,162,1041,383,234,1130,503,244,606,457,460,
        283,767,576,628,239,583,428,452,723,201,406,422,243)

